$ANSIBLE_VAULT;1.1;AES256
38323962613762633536356466333063613562663834306261303632616236386439326262346261
3361343630333332323039333831353663633661613263610a343732336639393563336434643065
65363663313465373030356234303966646566353331333938383566333039623034663032393663
6262396363343434340a643762383939376536396266393436303762613264323734636262396364
31646136643464633339666238376631663130396463336334643766376339396465613661616636
65323734326362373131666262373666373134353862633939396539303934303962663137623439
36346137323662636634386433393738666664363138366662353064623333306264363936393934
36646231653537643834626166383531346431333137376336666336623931653135653437353962
62346662343036656630323930663138356634346633643339376366313533636433373735623964
38333030626235313836303666613734643766383763623134373130326631633535386638353263
61313533373566333138643666326463316137393063336666313064383239303432353764646165
39396330366461313634306562666565656133343835306662393532333733323365646366333864
30346663646138313032303265316534626636623831373233343665393233376166336335383333
38333432363936623836316234666337333836303061376535616238633532353331323063366562
62643430383465393037636464316363373535666564633233633132313333626636353166333832
62363566633131303434623131353637366535663738323134316562353039643236386164646464
66393937313531636436313264613235373834356335313665346361653736663161643161363639
63386165653539376634383863333331393331333238346531333064386633316663306332303961
62626136363433313463323834353139656661356130373735353531646636623866316139313166
32376530636432366131343439613333613764666637373962653863636538386561323063333736
32393136333163653164623761623337393335313535313434613833353532626136
